13	16S_DB:480	99.485	1359	5	2	1	1359	48	1404	0.0	2475
13	16S_DB:573	99.264	1359	8	2	1	1359	82	1438	0.0	2453
13	16S_DB:501	98.676	1360	13	5	1	1359	53	1408	0.0	2407
13	16S_DB:592	97.943	1361	22	6	1	1359	80	1436	0.0	2355
13	16S_DB:583	97.868	1360	25	4	1	1359	49	1405	0.0	2350
13	16S_DB:531	96.544	1360	40	6	1	1359	59	1412	0.0	2244
13	16S_DB:485	96.547	1361	38	9	1	1359	60	1413	0.0	2244
13	16S_DB:523	96.397	1360	41	7	3	1359	61	1415	0.0	2233
13	16S_DB:464	96.324	1360	42	7	1	1359	12	1364	0.0	2228
13	16S_DB:589	96.256	1362	39	11	1	1359	63	1415	0.0	2222
18	16S_DB:494	99.033	1344	10	3	1	1344	49	1389	0.0	2416
18	16S_DB:491	99.033	1344	10	3	1	1344	10	1350	0.0	2410
18	16S_DB:601	98.438	1344	18	3	1	1344	64	1404	0.0	2362
18	16S_DB:468	98.363	1344	19	3	1	1344	68	1408	0.0	2357
18	16S_DB:556	98.364	1345	15	6	1	1344	78	1416	0.0	2355
18	16S_DB:467	98.289	1344	20	3	1	1344	69	1409	0.0	2351
18	16S_DB:478	98.064	1343	23	3	2	1344	48	1387	0.0	2344
18	16S_DB:474	98.144	1347	19	6	1	1344	64	1407	0.0	2344
18	16S_DB:509	98.065	1344	23	3	1	1344	71	1411	0.0	2335
18	16S_DB:536	97.768	1344	26	4	1	1344	59	1398	0.0	2313
2	16S_DB:549	99.552	1340	5	1	4	1343	81	1419	0.0	2440
2	16S_DB:550	99.254	1340	9	1	4	1343	81	1419	0.0	2418
2	16S_DB:521	99.254	1340	9	1	4	1343	65	1403	0.0	2418
2	16S_DB:558	99.104	1340	11	1	4	1343	81	1419	0.0	2407
2	16S_DB:548	99.104	1340	11	1	4	1343	81	1419	0.0	2407
2	16S_DB:554	99.030	1340	12	1	4	1343	81	1419	0.0	2401
2	16S_DB:578	98.955	1340	13	1	4	1343	81	1419	0.0	2396
2	16S_DB:557	98.657	1340	17	1	4	1343	81	1419	0.0	2374
2	16S_DB:555	98.657	1340	17	1	4	1343	81	1419	0.0	2374
2	16S_DB:547	98.657	1340	17	1	4	1343	81	1419	0.0	2374
27	16S_DB:546	100.000	1342	0	0	1	1342	78	1419	0.0	2479
27	16S_DB:557	99.553	1342	6	0	1	1342	78	1419	0.0	2446
27	16S_DB:555	99.553	1342	6	0	1	1342	78	1419	0.0	2446
27	16S_DB:547	99.553	1342	6	0	1	1342	78	1419	0.0	2446
27	16S_DB:578	99.404	1342	8	0	1	1342	78	1419	0.0	2435
27	16S_DB:554	99.255	1342	10	0	1	1342	78	1419	0.0	2423
27	16S_DB:550	99.180	1342	11	0	1	1342	78	1419	0.0	2418
27	16S_DB:548	99.180	1342	11	0	1	1342	78	1419	0.0	2418
27	16S_DB:558	99.179	1340	11	0	3	1342	80	1419	0.0	2414
27	16S_DB:579	98.955	1340	14	0	3	1342	57	1396	0.0	2398
36	16S_DB:480	99.705	1358	3	1	1	1358	48	1404	0.0	2490
36	16S_DB:573	99.485	1358	6	1	1	1358	82	1438	0.0	2468
36	16S_DB:501	98.822	1358	14	2	1	1358	53	1408	0.0	2418
36	16S_DB:592	98.087	1359	23	3	1	1358	80	1436	0.0	2364
36	16S_DB:583	98.012	1358	26	1	1	1358	49	1405	0.0	2359
36	16S_DB:531	96.686	1358	41	3	1	1358	59	1412	0.0	2255
36	16S_DB:485	96.689	1359	39	6	1	1358	60	1413	0.0	2255
36	16S_DB:464	96.465	1358	43	4	1	1358	12	1364	0.0	2237
36	16S_DB:589	96.397	1360	40	8	1	1358	63	1415	0.0	2231
36	16S_DB:523	96.394	1359	42	5	3	1358	61	1415	0.0	2231
4	16S_DB:600	99.335	1354	4	4	1	1353	79	1428	0.0	2446
4	16S_DB:537	99.114	1354	7	4	1	1353	59	1408	0.0	2429
4	16S_DB:597	98.892	1354	10	4	1	1353	67	1416	0.0	2412
4	16S_DB:599	98.527	1358	9	8	1	1353	80	1431	0.0	2386
4	16S_DB:595	98.527	1358	9	8	1	1353	80	1431	0.0	2386
4	16S_DB:598	98.380	1358	12	6	1	1353	34	1386	0.0	2377
4	16S_DB:543	98.379	1357	12	6	2	1353	78	1429	0.0	2375
4	16S_DB:596	98.308	1359	13	6	1	1354	65	1418	0.0	2374
4	16S_DB:570	98.306	1358	13	6	1	1353	39	1391	0.0	2372
4	16S_DB:574	98.234	1359	14	6	1	1354	33	1386	0.0	2368
48	16S_DB:484	98.375	1354	20	1	2	1355	48	1399	0.0	2390
48	16S_DB:531	98.156	1356	23	1	1	1356	59	1412	0.0	2364
48	16S_DB:561	97.861	1356	25	3	2	1356	60	1412	0.0	2340
48	16S_DB:599	97.789	1357	25	3	1	1356	80	1432	0.0	2335
48	16S_DB:595	97.789	1357	25	3	1	1356	80	1432	0.0	2335
48	16S_DB:535	97.712	1355	27	3	3	1356	61	1412	0.0	2327
48	16S_DB:505	97.712	1355	27	3	3	1356	61	1412	0.0	2327
48	16S_DB:564	97.642	1357	26	5	2	1356	60	1412	0.0	2324
48	16S_DB:588	97.570	1358	27	5	1	1356	67	1420	0.0	2320
48	16S_DB:543	97.566	1356	29	3	2	1356	78	1430	0.0	2318
53	16S_DB:548	99.925	1342	1	0	1	1342	78	1419	0.0	2473
53	16S_DB:558	99.925	1340	1	0	3	1342	80	1419	0.0	2470
53	16S_DB:554	99.851	1342	2	0	1	1342	78	1419	0.0	2468
53	16S_DB:550	99.702	1342	4	0	1	1342	78	1419	0.0	2457
53	16S_DB:578	99.553	1342	6	0	1	1342	78	1419	0.0	2446
53	16S_DB:549	99.404	1342	8	0	1	1342	78	1419	0.0	2435
53	16S_DB:557	99.255	1342	10	0	1	1342	78	1419	0.0	2423
53	16S_DB:555	99.255	1342	10	0	1	1342	78	1419	0.0	2423
53	16S_DB:547	99.255	1342	10	0	1	1342	78	1419	0.0	2423
53	16S_DB:546	99.255	1342	10	0	1	1342	78	1419	0.0	2423
62	16S_DB:496	99.106	1342	8	4	1	1342	85	1422	0.0	2409
62	16S_DB:488	98.361	1342	22	0	1	1342	65	1406	0.0	2357
62	16S_DB:534	98.287	1343	19	4	1	1342	57	1396	0.0	2351
62	16S_DB:582	98.212	1342	24	0	1	1342	37	1378	0.0	2346
62	16S_DB:500	98.140	1344	17	8	1	1342	85	1422	0.0	2337
62	16S_DB:580	98.064	1343	25	1	1	1342	52	1394	0.0	2335
62	16S_DB:557	98.063	1342	26	0	1	1342	78	1419	0.0	2335
62	16S_DB:556	98.065	1344	22	4	1	1342	78	1419	0.0	2335
62	16S_DB:555	98.063	1342	26	0	1	1342	78	1419	0.0	2335
62	16S_DB:547	98.063	1342	26	0	1	1342	78	1419	0.0	2335
7	16S_DB:600	98.736	1345	14	3	1	1343	79	1422	0.0	2386
7	16S_DB:537	98.513	1345	17	3	1	1343	59	1402	0.0	2370
7	16S_DB:597	98.439	1345	18	3	1	1343	67	1410	0.0	2364
7	16S_DB:599	98.147	1349	16	6	1	1343	80	1425	0.0	2344
7	16S_DB:595	98.147	1349	16	6	1	1343	80	1425	0.0	2344
7	16S_DB:543	97.926	1350	16	8	2	1343	78	1423	0.0	2327
7	16S_DB:535	97.923	1348	18	6	3	1343	61	1405	0.0	2326
7	16S_DB:505	97.923	1348	18	6	3	1343	61	1405	0.0	2326
7	16S_DB:598	97.704	1350	21	7	1	1343	34	1380	0.0	2313
7	16S_DB:596	97.630	1350	22	7	1	1343	65	1411	0.0	2307
8	16S_DB:597	99.926	1351	0	1	1	1350	67	1417	0.0	2488
8	16S_DB:600	99.556	1351	5	1	1	1350	79	1429	0.0	2460
8	16S_DB:537	99.556	1351	5	1	1	1350	59	1409	0.0	2460
8	16S_DB:598	98.744	1354	13	2	1	1350	34	1387	0.0	2403
8	16S_DB:570	98.744	1354	13	2	1	1350	39	1392	0.0	2403
8	16S_DB:593	98.744	1353	13	2	1	1349	83	1435	0.0	2401
8	16S_DB:574	98.744	1353	13	2	1	1349	33	1385	0.0	2401
8	16S_DB:594	98.671	1354	14	2	1	1350	34	1387	0.0	2398
8	16S_DB:596	98.670	1353	14	2	1	1349	65	1417	0.0	2396
8	16S_DB:591	98.670	1353	14	2	1	1349	82	1434	0.0	2396
85	16S_DB:594	98.968	1357	10	3	1	1356	34	1387	0.0	2425
85	16S_DB:507	98.747	1357	13	3	1	1356	59	1412	0.0	2414
85	16S_DB:477	98.600	1357	15	3	1	1356	49	1402	0.0	2407
85	16S_DB:574	98.673	1356	14	3	1	1355	33	1385	0.0	2401
85	16S_DB:596	98.599	1356	15	3	1	1355	65	1417	0.0	2396
85	16S_DB:591	98.599	1356	15	3	1	1355	82	1434	0.0	2396
85	16S_DB:598	98.526	1357	16	3	1	1356	34	1387	0.0	2392
85	16S_DB:593	98.525	1356	16	3	1	1355	83	1435	0.0	2390
85	16S_DB:506	98.379	1357	18	3	1	1356	34	1387	0.0	2383
85	16S_DB:570	98.379	1357	18	3	1	1356	39	1392	0.0	2381
95	16S_DB:491	99.702	1344	4	0	1	1344	10	1353	0.0	2464
95	16S_DB:494	99.554	1344	6	0	1	1344	49	1392	0.0	2459
95	16S_DB:601	99.107	1344	12	0	1	1344	64	1407	0.0	2416
95	16S_DB:468	99.033	1344	13	0	1	1344	68	1411	0.0	2410
95	16S_DB:467	98.958	1344	14	0	1	1344	69	1412	0.0	2405
95	16S_DB:510	98.885	1345	11	4	1	1344	68	1409	0.0	2398
95	16S_DB:474	98.812	1347	13	3	1	1344	64	1410	0.0	2396
95	16S_DB:556	98.810	1345	12	4	1	1344	78	1419	0.0	2392
95	16S_DB:478	98.585	1343	19	0	2	1344	48	1390	0.0	2386
95	16S_DB:509	98.512	1344	20	0	1	1344	71	1414	0.0	2372
96	16S_DB:573	99.705	1358	3	1	1	1358	82	1438	0.0	2484
96	16S_DB:480	99.043	1358	12	1	1	1358	48	1404	0.0	2440
96	16S_DB:501	98.749	1359	13	4	1	1358	53	1408	0.0	2412
96	16S_DB:592	98.012	1358	26	1	1	1358	80	1436	0.0	2359
96	16S_DB:583	97.866	1359	26	3	1	1358	49	1405	0.0	2348
96	16S_DB:531	96.760	1358	40	3	1	1358	59	1412	0.0	2261
96	16S_DB:492	96.608	1356	41	4	2	1357	80	1430	0.0	2244
96	16S_DB:485	96.542	1359	41	5	1	1358	60	1413	0.0	2244
96	16S_DB:464	96.539	1358	42	4	1	1358	12	1364	0.0	2242
96	16S_DB:604	96.463	1357	43	4	2	1358	52	1403	0.0	2235
1367SAA005_14Cip-FD1.b1.ab1_638	16S_DB:86	93.218	634	39	4	1	632	37	668	0.0	929
1367SAA005_14Cip-FD1.b1.ab1_638	16S_DB:85	93.218	634	38	5	1	632	37	667	0.0	928
1367SAA005_14Cip-FD1.b1.ab1_638	16S_DB:91	92.902	634	41	4	1	632	22	653	0.0	920
1367SAA005_14Cip-FD1.b1.ab1_638	16S_DB:89	92.744	634	42	4	1	632	47	678	0.0	915
1367SAA005_14Cip-FD1.b1.ab1_638	16S_DB:90	91.969	635	45	6	1	632	29	660	0.0	885
1367SAA005_14Cip-FD1.b1.ab1_638	16S_DB:82	96.332	518	16	3	1	516	37	553	0.0	852
1367SAA005_14Cip-FD1.b1.ab1_638	16S_DB:77	95.946	518	18	3	1	516	49	565	0.0	837
1367SAA005_14Cip-FD1.b1.ab1_638	16S_DB:78	95.753	518	19	3	1	516	50	566	0.0	833
1367SAA005_14Cip-FD1.b1.ab1_638	16S_DB:84	95.769	520	15	6	1	516	51	567	0.0	832
1367SAA005_14Cip-FD1.b1.ab1_638	16S_DB:81	95.192	520	18	6	1	516	50	566	0.0	815
1367SAA005_2NXC111R-FD1.b1.ab1_579	16S_DB:432	97.396	576	14	1	1	576	20	594	0.0	979
1367SAA005_2NXC111R-FD1.b1.ab1_579	16S_DB:431	97.396	576	14	1	1	576	2	576	0.0	979
1367SAA005_2NXC111R-FD1.b1.ab1_579	16S_DB:415	97.396	576	14	1	1	576	55	629	0.0	979
1367SAA005_2NXC111R-FD1.b1.ab1_579	16S_DB:461	97.059	578	14	3	1	576	45	621	0.0	970
1367SAA005_2NXC111R-FD1.b1.ab1_579	16S_DB:455	97.049	576	16	1	1	576	24	598	0.0	968
1367SAA005_2NXC111R-FD1.b1.ab1_579	16S_DB:434	97.049	576	16	1	1	576	26	600	0.0	968
1367SAA005_2NXC111R-FD1.b1.ab1_579	16S_DB:417	96.886	578	15	2	1	576	35	611	0.0	965
1367SAA005_2NXC111R-FD1.b1.ab1_579	16S_DB:410	96.875	576	17	1	1	576	25	599	0.0	963
1367SAA005_2NXC111R-FD1.b1.ab1_579	16S_DB:460	96.701	576	18	1	1	576	55	629	0.0	957
1367SAA005_2NXC111R-FD1.b1.ab1_579	16S_DB:454	96.701	576	18	1	1	576	24	598	0.0	957
1367SAA005_2NXC11R-FD1.b1.ab1_1153	16S_DB:460	96.766	1144	33	4	1	1143	53	1193	0.0	1905
1367SAA005_2NXC11R-FD1.b1.ab1_1153	16S_DB:461	96.513	1147	32	7	1	1143	43	1185	0.0	1890
1367SAA005_2NXC11R-FD1.b1.ab1_1153	16S_DB:455	96.164	1147	34	10	1	1143	22	1162	0.0	1866
1367SAA005_2NXC11R-FD1.b1.ab1_1153	16S_DB:408	95.637	1146	42	8	1	1143	39	1179	0.0	1832
1367SAA005_2NXC11R-FD1.b1.ab1_1153	16S_DB:453	95.550	1146	43	8	1	1143	33	1173	0.0	1827
1367SAA005_2NXC11R-FD1.b1.ab1_1153	16S_DB:448	95.550	1146	43	8	1	1143	33	1173	0.0	1827
1367SAA005_2NXC11R-FD1.b1.ab1_1153	16S_DB:459	95.379	1147	45	8	1	1143	11	1153	0.0	1820
1367SAA005_2NXC11R-FD1.b1.ab1_1153	16S_DB:458	95.284	1145	48	6	1	1143	40	1180	0.0	1810
1367SAA005_2NXC11R-FD1.b1.ab1_1153	16S_DB:457	95.284	1145	48	6	1	1143	39	1179	0.0	1810
1367SAA005_2NXC11R-FD1.b1.ab1_1153	16S_DB:454	95.201	1146	47	8	1	1143	22	1162	0.0	1805
1367SAA005_2NXC14R-FD1.b1.ab1_578	16S_DB:432	97.751	578	12	1	1	578	24	600	0.0	994
1367SAA005_2NXC14R-FD1.b1.ab1_578	16S_DB:431	97.751	578	12	1	1	578	6	582	0.0	994
1367SAA005_2NXC14R-FD1.b1.ab1_578	16S_DB:415	97.751	578	12	1	1	578	59	635	0.0	994
1367SAA005_2NXC14R-FD1.b1.ab1_578	16S_DB:461	97.582	579	11	3	2	578	50	627	0.0	989
1367SAA005_2NXC14R-FD1.b1.ab1_578	16S_DB:455	97.405	578	14	1	1	578	28	604	0.0	983
1367SAA005_2NXC14R-FD1.b1.ab1_578	16S_DB:434	97.405	578	14	1	1	578	30	606	0.0	983
1367SAA005_2NXC14R-FD1.b1.ab1_578	16S_DB:417	97.241	580	13	2	1	578	39	617	0.0	979
1367SAA005_2NXC14R-FD1.b1.ab1_578	16S_DB:460	97.552	572	13	1	7	578	65	635	0.0	977
1367SAA005_2NXC14R-FD1.b1.ab1_578	16S_DB:410	97.232	578	15	1	1	578	29	605	0.0	977
1367SAA005_2NXC14R-FD1.b1.ab1_578	16S_DB:459	97.064	579	14	3	2	578	18	595	0.0	972
1367SAA005_A17Cip-FD1.b1.ab1_171	16S_DB:86	95.930	172	6	1	1	171	35	206	2.51e-76	278
1367SAA005_A17Cip-FD1.b1.ab1_171	16S_DB:85	95.930	172	5	2	1	171	35	205	2.51e-76	278
1367SAA005_A17Cip-FD1.b1.ab1_171	16S_DB:82	95.930	172	6	1	1	171	35	206	2.51e-76	278
1367SAA005_A17Cip-FD1.b1.ab1_171	16S_DB:89	95.349	172	7	1	1	171	45	216	1.17e-74	272
1367SAA005_A17Cip-FD1.b1.ab1_171	16S_DB:91	94.767	172	8	1	1	171	20	191	1.51e-73	268
1367SAA005_A17Cip-FD1.b1.ab1_171	16S_DB:78	95.808	167	6	1	1	166	48	214	1.51e-73	268
1367SAA005_A17Cip-FD1.b1.ab1_171	16S_DB:77	95.808	167	6	1	1	166	47	213	1.51e-73	268
1367SAA005_A17Cip-FD1.b1.ab1_171	16S_DB:90	94.186	172	9	1	1	171	27	198	2.52e-71	261
1367SAA005_A17Cip-FD1.b1.ab1_171	16S_DB:87	95.706	163	6	1	1	162	42	204	2.52e-71	261
1367SAA005_A17Cip-FD1.b1.ab1_171	16S_DB:84	93.103	174	7	4	1	171	49	220	5.46e-68	250
1367SAA005_A17-FD1.b1.ab1_1072	16S_DB:336	97.577	1073	24	2	1	1072	73	1144	0.0	1836
1367SAA005_A17-FD1.b1.ab1_1072	16S_DB:335	97.577	1073	24	2	1	1072	73	1144	0.0	1836
1367SAA005_A17-FD1.b1.ab1_1072	16S_DB:334	97.577	1073	24	2	1	1072	73	1144	0.0	1836
1367SAA005_A17-FD1.b1.ab1_1072	16S_DB:333	97.577	1073	24	2	1	1072	47	1118	0.0	1836
1367SAA005_A17-FD1.b1.ab1_1072	16S_DB:332	97.577	1073	24	2	1	1072	47	1118	0.0	1836
1367SAA005_A17-FD1.b1.ab1_1072	16S_DB:331	97.577	1073	24	2	1	1072	47	1118	0.0	1836
1367SAA005_A17-FD1.b1.ab1_1072	16S_DB:329	97.212	1076	22	6	1	1072	66	1137	0.0	1814
1367SAA005_A17-FD1.b1.ab1_1072	16S_DB:328	97.026	1076	24	8	1	1072	47	1118	0.0	1803
1367SAA005_A17-FD1.b1.ab1_1072	16S_DB:330	95.996	1074	39	4	1	1072	66	1137	0.0	1742
1367SAA005_A17-FD1.b1.ab1_1072	16S_DB:444	94.815	1080	44	11	1	1072	47	1122	0.0	1681
1367SAA005_A1b-FD1.b1.ab1_1010	16S_DB:169	98.811	1009	10	2	3	1010	53	1060	0.0	1796
1367SAA005_A1b-FD1.b1.ab1_1010	16S_DB:184	98.712	1009	11	2	3	1010	44	1051	0.0	1790
1367SAA005_A1b-FD1.b1.ab1_1010	16S_DB:269	98.612	1009	12	2	3	1010	51	1058	0.0	1784
1367SAA005_A1b-FD1.b1.ab1_1010	16S_DB:259	98.315	1009	15	2	3	1010	44	1051	0.0	1768
1367SAA005_A1b-FD1.b1.ab1_1010	16S_DB:164	98.018	1009	18	2	3	1010	51	1058	0.0	1751
1367SAA005_A1b-FD1.b1.ab1_1010	16S_DB:203	97.919	1009	19	2	3	1010	45	1052	0.0	1746
1367SAA005_A1b-FD1.b1.ab1_1010	16S_DB:234	97.423	1009	24	2	3	1010	53	1060	0.0	1718
1367SAA005_A1b-FD1.b1.ab1_1010	16S_DB:161	97.423	1009	24	2	3	1010	51	1058	0.0	1718
1367SAA005_A1b-FD1.b1.ab1_1010	16S_DB:211	97.324	1009	25	2	3	1010	45	1052	0.0	1712
1367SAA005_A1b-FD1.b1.ab1_1010	16S_DB:202	97.324	1009	25	2	3	1010	45	1052	0.0	1712
1367SAA005_A2CbTm-FD1.b1.ab1_908	16S_DB:86	99.008	907	9	0	1	907	42	948	0.0	1626
1367SAA005_A2CbTm-FD1.b1.ab1_908	16S_DB:91	98.787	907	11	0	1	907	27	933	0.0	1616
1367SAA005_A2CbTm-FD1.b1.ab1_908	16S_DB:85	98.677	907	11	1	1	907	42	947	0.0	1607
1367SAA005_A2CbTm-FD1.b1.ab1_908	16S_DB:89	98.015	907	17	1	1	907	52	957	0.0	1580
1367SAA005_A2CbTm-FD1.b1.ab1_908	16S_DB:90	98.015	907	18	0	1	907	34	940	0.0	1576
1367SAA005_A2CbTm-FD1.b1.ab1_908	16S_DB:82	96.145	908	33	2	1	907	42	948	0.0	1485
1367SAA005_A2CbTm-FD1.b1.ab1_908	16S_DB:84	96.044	910	30	5	1	907	56	962	0.0	1476
1367SAA005_A2CbTm-FD1.b1.ab1_908	16S_DB:78	95.925	908	35	2	1	907	55	961	0.0	1472
1367SAA005_A2CbTm-FD1.b1.ab1_908	16S_DB:77	95.925	908	35	2	1	907	54	960	0.0	1471
1367SAA005_A2CbTm-FD1.b1.ab1_908	16S_DB:81	95.604	910	34	5	1	907	55	961	0.0	1454
1367SAA005_A5-FD1.b1.ab1_597	16S_DB:5	97.138	594	13	4	1	593	29	619	0.0	1000
1367SAA005_A5-FD1.b1.ab1_597	16S_DB:7	96.575	584	15	3	12	593	5	585	0.0	963
1367SAA005_A5-FD1.b1.ab1_597	16S_DB:9	95.630	595	20	5	1	593	58	648	0.0	950
1367SAA005_A5-FD1.b1.ab1_597	16S_DB:8	95.630	595	20	5	1	593	38	628	0.0	950
1367SAA005_A5-FD1.b1.ab1_597	16S_DB:6	95.271	571	20	6	28	593	1	569	0.0	898
1367SAA005_A5-FD1.b1.ab1_597	16S_DB:3	93.592	593	36	2	1	593	38	628	0.0	883
1367SAA005_A5-FD1.b1.ab1_597	16S_DB:2	93.592	593	36	2	1	593	25	615	0.0	883
1367SAA005_A5-FD1.b1.ab1_597	16S_DB:4	93.423	593	37	2	1	593	38	628	0.0	881
1367SAA005_A5-FD1.b1.ab1_597	16S_DB:25	91.946	596	41	7	1	593	38	629	0.0	828
1367SAA005_A5-FD1.b1.ab1_597	16S_DB:74	91.779	596	43	6	1	593	33	625	0.0	824
1367SAA005_A6BSm-FD1.b1.ab1_477	16S_DB:86	98.745	478	5	1	1	477	37	514	0.0	848
1367SAA005_A6BSm-FD1.b1.ab1_477	16S_DB:85	98.745	478	4	2	1	477	37	513	0.0	848
1367SAA005_A6BSm-FD1.b1.ab1_477	16S_DB:91	98.326	478	7	1	1	477	22	499	0.0	839
1367SAA005_A6BSm-FD1.b1.ab1_477	16S_DB:89	98.117	478	8	1	1	477	47	524	0.0	833
1367SAA005_A6BSm-FD1.b1.ab1_477	16S_DB:90	97.280	478	12	1	1	477	29	506	0.0	809
1367SAA005_A6BSm-FD1.b1.ab1_477	16S_DB:82	96.242	479	15	3	1	477	37	514	0.0	784
1367SAA005_A6BSm-FD1.b1.ab1_477	16S_DB:84	95.842	481	13	6	1	477	51	528	0.0	771
1367SAA005_A6BSm-FD1.b1.ab1_477	16S_DB:77	95.616	479	18	3	1	477	49	526	0.0	765
1367SAA005_A6BSm-FD1.b1.ab1_477	16S_DB:78	95.407	479	19	3	1	477	50	527	0.0	761
1367SAA005_A6BSm-FD1.b1.ab1_477	16S_DB:81	95.218	481	16	6	1	477	50	527	0.0	754
1367SAA005_A7-FD1.b1.ab1_763	16S_DB:354	98.949	761	8	0	3	763	54	814	0.0	1362
1367SAA005_A7-FD1.b1.ab1_763	16S_DB:343	98.949	761	8	0	3	763	33	793	0.0	1362
1367SAA005_A7-FD1.b1.ab1_763	16S_DB:353	98.686	761	10	0	3	763	33	793	0.0	1351
1367SAA005_A7-FD1.b1.ab1_763	16S_DB:352	98.292	761	13	0	3	763	33	793	0.0	1334
1367SAA005_A7-FD1.b1.ab1_763	16S_DB:351	97.898	761	16	0	3	763	33	793	0.0	1317
1367SAA005_A7-FD1.b1.ab1_763	16S_DB:359	96.583	761	25	1	3	763	33	792	0.0	1260
1367SAA005_A7-FD1.b1.ab1_763	16S_DB:357	96.321	761	28	0	3	763	33	793	0.0	1251
1367SAA005_A7-FD1.b1.ab1_763	16S_DB:362	95.926	761	31	0	3	763	33	793	0.0	1234
1367SAA005_A7-FD1.b1.ab1_763	16S_DB:345	95.532	761	34	0	3	763	33	793	0.0	1218
1367SAA005_A7-FD1.b1.ab1_763	16S_DB:350	95.532	761	33	1	3	763	33	792	0.0	1216
1367SAA005_A7Sm-FD1.b1.ab1_896	16S_DB:136	96.763	865	27	1	1	865	26	889	0.0	1441
1367SAA005_A7Sm-FD1.b1.ab1_896	16S_DB:133	94.798	865	44	1	1	865	26	889	0.0	1351
1367SAA005_A7Sm-FD1.b1.ab1_896	16S_DB:151	94.566	865	46	1	1	865	41	904	0.0	1336
1367SAA005_A7Sm-FD1.b1.ab1_896	16S_DB:138	94.585	868	40	7	1	865	18	881	0.0	1336
1367SAA005_A7Sm-FD1.b1.ab1_896	16S_DB:143	94.361	869	40	9	2	865	41	905	0.0	1327
1367SAA005_A7Sm-FD1.b1.ab1_896	16S_DB:139	94.335	865	48	1	1	865	20	883	0.0	1325
1367SAA005_A7Sm-FD1.b1.ab1_896	16S_DB:142	94.226	866	47	3	1	865	40	903	0.0	1321
1367SAA005_A7Sm-FD1.b1.ab1_896	16S_DB:141	94.348	867	40	8	1	865	16	875	0.0	1321
1367SAA005_A7Sm-FD1.b1.ab1_896	16S_DB:135	94.145	871	40	11	1	865	26	891	0.0	1315
1367SAA005_A7Sm-FD1.b1.ab1_896	16S_DB:134	94.124	868	44	7	1	865	26	889	0.0	1314
1367SAA005_A9Cip-FD1.b1.ab1_579	16S_DB:86	99.481	578	3	0	1	578	38	615	0.0	1051
1367SAA005_A9Cip-FD1.b1.ab1_579	16S_DB:85	99.481	578	2	1	1	578	38	614	0.0	1050
1367SAA005_A9Cip-FD1.b1.ab1_579	16S_DB:91	99.135	578	5	0	1	578	23	600	0.0	1042
1367SAA005_A9Cip-FD1.b1.ab1_579	16S_DB:89	98.962	578	6	0	1	578	48	625	0.0	1037
1367SAA005_A9Cip-FD1.b1.ab1_579	16S_DB:90	97.924	578	12	0	1	578	30	607	0.0	1002
1367SAA005_A9Cip-FD1.b1.ab1_579	16S_DB:82	96.718	579	17	2	1	578	38	615	0.0	966
1367SAA005_A9Cip-FD1.b1.ab1_579	16S_DB:77	96.373	579	19	2	1	578	50	627	0.0	952
1367SAA005_A9Cip-FD1.b1.ab1_579	16S_DB:78	96.200	579	20	2	1	578	51	628	0.0	948
1367SAA005_A9Cip-FD1.b1.ab1_579	16S_DB:84	96.213	581	16	5	1	578	52	629	0.0	946
1367SAA005_A9Cip-FD1.b1.ab1_579	16S_DB:81	95.697	581	19	5	1	578	51	628	0.0	929
1367SAA005_ACOP7-FD1.b1.ab1_1110	16S_DB:433	97.212	1112	23	6	1	1110	15	1120	0.0	1875
1367SAA005_ACOP7-FD1.b1.ab1_1110	16S_DB:427	97.212	1112	23	6	1	1110	12	1117	0.0	1875
1367SAA005_ACOP7-FD1.b1.ab1_1110	16S_DB:422	97.212	1112	23	7	1	1110	1	1106	0.0	1875
1367SAA005_ACOP7-FD1.b1.ab1_1110	16S_DB:419	97.122	1112	24	7	1	1110	54	1159	0.0	1869
1367SAA005_ACOP7-FD1.b1.ab1_1110	16S_DB:439	96.493	1112	31	7	1	1110	51	1156	0.0	1838
1367SAA005_ACOP7-FD1.b1.ab1_1110	16S_DB:424	96.493	1112	31	8	1	1110	57	1162	0.0	1831
1367SAA005_ACOP7-FD1.b1.ab1_1110	16S_DB:409	96.493	1112	31	8	1	1110	55	1160	0.0	1831
1367SAA005_ACOP7-FD1.b1.ab1_1110	16S_DB:413	96.409	1114	29	10	1	1110	37	1143	0.0	1825
1367SAA005_ACOP7-FD1.b1.ab1_1110	16S_DB:418	96.326	1116	27	11	1	1110	53	1160	0.0	1821
1367SAA005_ACOP7-FD1.b1.ab1_1110	16S_DB:429	96.313	1112	33	8	1	1110	14	1119	0.0	1820
1367SAA005_AYOT11_bis-FD1.b1.ab1_1118	16S_DB:443	98.749	1119	12	2	1	1118	52	1169	0.0	1988
1367SAA005_AYOT11_bis-FD1.b1.ab1_1118	16S_DB:442	98.391	1119	16	2	1	1118	28	1145	0.0	1965
1367SAA005_AYOT11_bis-FD1.b1.ab1_1118	16S_DB:438	97.676	1119	24	2	1	1118	34	1151	0.0	1923
1367SAA005_AYOT11_bis-FD1.b1.ab1_1118	16S_DB:436	96.250	1120	38	4	1	1118	53	1170	0.0	1832
1367SAA005_AYOT11_bis-FD1.b1.ab1_1118	16S_DB:364	95.800	1119	43	4	2	1118	20	1136	0.0	1808
1367SAA005_AYOT11_bis-FD1.b1.ab1_1118	16S_DB:428	95.442	1119	49	2	1	1118	57	1174	0.0	1783
1367SAA005_AYOT11_bis-FD1.b1.ab1_1118	16S_DB:423	95.459	1123	42	7	1	1118	22	1140	0.0	1783
1367SAA005_AYOT11_bis-FD1.b1.ab1_1118	16S_DB:408	95.450	1121	45	6	1	1118	40	1157	0.0	1783
1367SAA005_AYOT11_bis-FD1.b1.ab1_1118	16S_DB:455	94.920	1122	49	7	1	1118	23	1140	0.0	1749
1367SAA005_AYOT11_bis-FD1.b1.ab1_1118	16S_DB:458	94.667	1125	46	11	1	1118	41	1158	0.0	1733
1367SAA005_AYOT11-FD1.b1.ab1_1069	16S_DB:443	99.147	1055	8	1	3	1057	51	1104	0.0	1897
1367SAA005_AYOT11-FD1.b1.ab1_1069	16S_DB:442	98.768	1055	12	1	3	1057	27	1080	0.0	1875
1367SAA005_AYOT11-FD1.b1.ab1_1069	16S_DB:438	98.009	1055	20	1	3	1057	33	1086	0.0	1832
1367SAA005_AYOT11-FD1.b1.ab1_1069	16S_DB:436	96.496	1056	34	3	3	1057	52	1105	0.0	1742
1367SAA005_AYOT11-FD1.b1.ab1_1069	16S_DB:364	96.026	1057	39	3	5	1060	20	1074	0.0	1720
1367SAA005_AYOT11-FD1.b1.ab1_1069	16S_DB:423	95.656	1059	38	6	3	1057	21	1075	0.0	1694
1367SAA005_AYOT11-FD1.b1.ab1_1069	16S_DB:428	95.640	1055	45	1	3	1057	56	1109	0.0	1692
1367SAA005_AYOT11-FD1.b1.ab1_1069	16S_DB:408	95.648	1057	41	5	3	1057	39	1092	0.0	1692
1367SAA005_AYOT11-FD1.b1.ab1_1069	16S_DB:441	95.170	1056	44	6	3	1057	60	1109	0.0	1661
1367SAA005_AYOT11-FD1.b1.ab1_1069	16S_DB:455	95.085	1058	45	6	3	1057	22	1075	0.0	1659
1367SAA005_CP6-FD1.b1.ab1_1117	16S_DB:450	98.743	1114	10	4	2	1114	33	1143	0.0	1977
1367SAA005_CP6-FD1.b1.ab1_1117	16S_DB:456	98.655	1115	9	6	2	1114	49	1159	0.0	1971
1367SAA005_CP6-FD1.b1.ab1_1117	16S_DB:453	98.995	1094	8	3	21	1114	53	1143	0.0	1956
1367SAA005_CP6-FD1.b1.ab1_1117	16S_DB:448	98.995	1094	8	3	21	1114	53	1143	0.0	1956
1367SAA005_CP6-FD1.b1.ab1_1117	16S_DB:454	98.629	1094	12	3	21	1114	42	1132	0.0	1934
1367SAA005_CP6-FD1.b1.ab1_1117	16S_DB:449	98.027	1115	16	6	2	1114	33	1143	0.0	1932
1367SAA005_CP6-FD1.b1.ab1_1117	16S_DB:455	98.175	1096	13	7	21	1114	42	1132	0.0	1906
1367SAA005_CP6-FD1.b1.ab1_1117	16S_DB:452	98.174	1095	14	6	21	1114	53	1142	0.0	1906
1367SAA005_CP6-FD1.b1.ab1_1117	16S_DB:445	97.898	1094	20	3	21	1114	53	1143	0.0	1890
1367SAA005_CP6-FD1.b1.ab1_1117	16S_DB:446	97.806	1094	20	4	21	1114	65	1154	0.0	1884
1367SAA005_CP7_bis-FD1.b1.ab1_819	16S_DB:456	98.862	791	8	1	1	790	45	835	0.0	1410
1367SAA005_CP7_bis-FD1.b1.ab1_819	16S_DB:450	98.862	791	8	1	1	790	29	819	0.0	1410
1367SAA005_CP7_bis-FD1.b1.ab1_819	16S_DB:453	98.357	791	12	1	1	790	29	819	0.0	1387
1367SAA005_CP7_bis-FD1.b1.ab1_819	16S_DB:448	98.357	791	12	1	1	790	29	819	0.0	1387
1367SAA005_CP7_bis-FD1.b1.ab1_819	16S_DB:449	98.104	791	14	1	1	790	29	819	0.0	1376
1367SAA005_CP7_bis-FD1.b1.ab1_819	16S_DB:452	98.827	767	9	0	24	790	53	819	0.0	1367
1367SAA005_CP7_bis-FD1.b1.ab1_819	16S_DB:454	97.724	791	17	1	1	790	18	808	0.0	1360
1367SAA005_CP7_bis-FD1.b1.ab1_819	16S_DB:455	97.598	791	18	1	1	790	18	808	0.0	1354
1367SAA005_CP7_bis-FD1.b1.ab1_819	16S_DB:446	96.831	789	24	1	1	788	41	829	0.0	1317
1367SAA005_CP7_bis-FD1.b1.ab1_819	16S_DB:447	96.713	791	25	1	1	790	37	827	0.0	1315
1367SAA005_CP7-FD1.b1.ab1_1035	16S_DB:453	98.551	1035	9	6	1	1029	55	1089	0.0	1825
1367SAA005_CP7-FD1.b1.ab1_1035	16S_DB:448	98.551	1035	9	6	1	1029	55	1089	0.0	1825
1367SAA005_CP7-FD1.b1.ab1_1035	16S_DB:450	98.454	1035	10	6	1	1029	55	1089	0.0	1820
1367SAA005_CP7-FD1.b1.ab1_1035	16S_DB:456	98.263	1036	10	8	1	1029	71	1105	0.0	1808
1367SAA005_CP7-FD1.b1.ab1_1035	16S_DB:454	98.164	1035	13	6	1	1029	44	1078	0.0	1803
1367SAA005_CP7-FD1.b1.ab1_1035	16S_DB:452	97.874	1035	15	7	1	1029	55	1088	0.0	1784
1367SAA005_CP7-FD1.b1.ab1_1035	16S_DB:455	97.686	1037	14	10	1	1029	44	1078	0.0	1775
1367SAA005_CP7-FD1.b1.ab1_1035	16S_DB:449	97.587	1036	17	8	1	1029	55	1089	0.0	1770
1367SAA005_CP7-FD1.b1.ab1_1035	16S_DB:445	97.488	1035	20	6	1	1029	55	1089	0.0	1764
1367SAA005_CP7-FD1.b1.ab1_1035	16S_DB:446	97.295	1035	21	7	1	1029	67	1100	0.0	1751
1367SAA005_NXC126R-FD1.b1.ab1_1017	16S_DB:455	98.527	1018	13	2	2	1017	15	1032	0.0	1796
1367SAA005_NXC126R-FD1.b1.ab1_1017	16S_DB:453	97.841	1019	18	4	2	1017	26	1043	0.0	1757
1367SAA005_NXC126R-FD1.b1.ab1_1017	16S_DB:448	97.841	1019	18	4	2	1017	26	1043	0.0	1757
1367SAA005_NXC126R-FD1.b1.ab1_1017	16S_DB:456	98.385	991	16	0	27	1017	69	1059	0.0	1742
1367SAA005_NXC126R-FD1.b1.ab1_1017	16S_DB:454	97.350	1019	23	4	2	1017	15	1032	0.0	1729
1367SAA005_NXC126R-FD1.b1.ab1_1017	16S_DB:452	97.157	1020	22	7	2	1017	26	1042	0.0	1716
1367SAA005_NXC126R-FD1.b1.ab1_1017	16S_DB:450	97.784	993	18	4	27	1017	53	1043	0.0	1709
1367SAA005_NXC126R-FD1.b1.ab1_1017	16S_DB:449	97.780	991	22	0	27	1017	53	1043	0.0	1709
1367SAA005_NXC126R-FD1.b1.ab1_1017	16S_DB:446	96.663	1019	29	5	2	1017	38	1054	0.0	1688
1367SAA005_NXC126R-FD1.b1.ab1_1017	16S_DB:445	96.565	1019	31	4	2	1017	26	1043	0.0	1685
1367SAA005_PROO4-FD1.b1.ab1_539	16S_DB:432	97.407	540	5	9	1	539	12	543	0.0	911
1367SAA005_PROO4-FD1.b1.ab1_539	16S_DB:415	97.407	540	5	9	1	539	47	578	0.0	911
1367SAA005_PROO4-FD1.b1.ab1_539	16S_DB:434	97.222	540	6	9	1	539	18	549	0.0	905
1367SAA005_PROO4-FD1.b1.ab1_539	16S_DB:431	97.561	533	5	8	7	539	1	525	0.0	905
1367SAA005_PROO4-FD1.b1.ab1_539	16S_DB:417	96.863	542	6	10	1	539	27	560	0.0	896
1367SAA005_PROO4-FD1.b1.ab1_539	16S_DB:410	96.852	540	8	9	1	539	17	548	0.0	894
1367SAA005_PROO4-FD1.b1.ab1_539	16S_DB:420	97.313	521	6	8	19	539	1	513	0.0	878
1367SAA005_PROO4-FD1.b1.ab1_539	16S_DB:407	96.111	540	12	9	1	539	27	558	0.0	872
1367SAA005_PROO4-FD1.b1.ab1_539	16S_DB:424	95.749	541	12	11	1	539	50	581	0.0	861
1367SAA005_PROO4-FD1.b1.ab1_539	16S_DB:409	95.749	541	12	11	1	539	48	579	0.0	861
1367SAA005_S11Sm-FD1.b1.ab1_1049	16S_DB:184	98.763	1051	10	3	1	1049	45	1094	0.0	1866
1367SAA005_S11Sm-FD1.b1.ab1_1049	16S_DB:269	98.668	1051	11	3	1	1049	52	1101	0.0	1860
1367SAA005_S11Sm-FD1.b1.ab1_1049	16S_DB:169	98.668	1051	11	3	1	1049	54	1103	0.0	1860
1367SAA005_S11Sm-FD1.b1.ab1_1049	16S_DB:259	98.382	1051	14	3	1	1049	45	1094	0.0	1844
1367SAA005_S11Sm-FD1.b1.ab1_1049	16S_DB:203	97.621	1051	22	3	1	1049	46	1095	0.0	1799
1367SAA005_S11Sm-FD1.b1.ab1_1049	16S_DB:164	97.526	1051	23	3	1	1049	52	1101	0.0	1794
1367SAA005_S11Sm-FD1.b1.ab1_1049	16S_DB:255	97.050	1051	28	3	1	1049	54	1103	0.0	1766
1367SAA005_S11Sm-FD1.b1.ab1_1049	16S_DB:174	97.050	1051	28	3	1	1049	34	1083	0.0	1766
1367SAA005_S11Sm-FD1.b1.ab1_1049	16S_DB:234	96.955	1051	29	3	1	1049	54	1103	0.0	1760
1367SAA005_S11Sm-FD1.b1.ab1_1049	16S_DB:161	96.955	1051	29	3	1	1049	52	1101	0.0	1760
1367SAA005_S12-FD1.b1.ab1_899	16S_DB:25	98.210	894	13	3	1	892	52	944	0.0	1559
1367SAA005_S12-FD1.b1.ab1_899	16S_DB:26	97.669	901	18	3	1	899	43	942	0.0	1546
1367SAA005_S12-FD1.b1.ab1_899	16S_DB:12	97.118	902	23	3	1	899	43	944	0.0	1520
1367SAA005_S12-FD1.b1.ab1_899	16S_DB:45	97.315	894	22	2	1	892	62	955	0.0	1517
1367SAA005_S12-FD1.b1.ab1_899	16S_DB:67	97.010	903	22	4	1	899	53	954	0.0	1513
1367SAA005_S12-FD1.b1.ab1_899	16S_DB:51	97.003	901	25	2	1	899	68	968	0.0	1513
1367SAA005_S12-FD1.b1.ab1_899	16S_DB:74	97.204	894	23	2	1	892	47	940	0.0	1511
1367SAA005_S12-FD1.b1.ab1_899	16S_DB:44	97.207	895	22	3	1	892	39	933	0.0	1511
1367SAA005_S12-FD1.b1.ab1_899	16S_DB:10	96.892	901	26	2	1	899	52	952	0.0	1509
1367SAA005_S12-FD1.b1.ab1_899	16S_DB:29	97.095	895	23	3	1	892	74	968	0.0	1506
1367SAA005_S13-FD1.b1.ab1_121	16S_DB:534	88.333	120	11	3	3	121	64	181	2.33e-35	141
1367SAA005_S13-FD1.b1.ab1_121	16S_DB:524	87.705	122	13	2	1	121	60	180	2.33e-35	141
1367SAA005_S13-FD1.b1.ab1_121	16S_DB:71	88.235	119	10	4	1	117	85	201	8.37e-35	139
1367SAA005_S13-FD1.b1.ab1_121	16S_DB:69	88.235	119	10	4	1	117	72	188	8.37e-35	139
1367SAA005_S13-FD1.b1.ab1_121	16S_DB:476	87.500	120	13	2	3	121	19	137	3.01e-34	137
1367SAA005_S13-FD1.b1.ab1_121	16S_DB:527	87.395	119	14	1	3	121	66	183	1.08e-33	135
1367SAA005_S13-FD1.b1.ab1_121	16S_DB:510	87.395	119	14	1	3	121	75	192	1.08e-33	135
1367SAA005_S13-FD1.b1.ab1_121	16S_DB:2	86.992	123	11	4	1	121	53	172	3.89e-33	134
1367SAA005_S13-FD1.b1.ab1_121	16S_DB:587	86.885	122	10	6	3	121	74	192	1.40e-32	132
1367SAA005_S13-FD1.b1.ab1_121	16S_DB:584	86.555	119	15	1	3	121	41	158	5.04e-32	130
1367SAA005_S15-FD1.b1.ab1_1111	16S_DB:25	98.115	1114	16	5	1	1111	52	1163	0.0	1936
1367SAA005_S15-FD1.b1.ab1_1111	16S_DB:12	97.399	1115	23	6	1	1111	43	1155	0.0	1895
1367SAA005_S15-FD1.b1.ab1_1111	16S_DB:45	97.397	1114	25	4	1	1111	62	1174	0.0	1893
1367SAA005_S15-FD1.b1.ab1_1111	16S_DB:26	97.307	1114	25	5	1	1111	43	1154	0.0	1888
1367SAA005_S15-FD1.b1.ab1_1111	16S_DB:29	97.220	1115	26	5	1	1111	74	1187	0.0	1882
1367SAA005_S15-FD1.b1.ab1_1111	16S_DB:11	97.220	1115	25	6	1	1111	43	1155	0.0	1882
1367SAA005_S15-FD1.b1.ab1_1111	16S_DB:23	97.130	1115	26	6	1	1111	43	1155	0.0	1877
1367SAA005_S15-FD1.b1.ab1_1111	16S_DB:44	97.046	1117	26	6	1	1111	39	1154	0.0	1873
1367SAA005_S15-FD1.b1.ab1_1111	16S_DB:61	97.040	1115	28	4	1	1111	46	1159	0.0	1871
1367SAA005_S15-FD1.b1.ab1_1111	16S_DB:20	97.038	1114	29	4	1	1111	52	1164	0.0	1871
1367SAA005_S1CbTm-FD1.b1.ab1_683	16S_DB:184	99.227	647	4	1	3	648	40	686	0.0	1166
1367SAA005_S1CbTm-FD1.b1.ab1_683	16S_DB:269	99.073	647	5	1	3	648	47	693	0.0	1160
1367SAA005_S1CbTm-FD1.b1.ab1_683	16S_DB:169	99.073	647	5	1	3	648	49	695	0.0	1160
1367SAA005_S1CbTm-FD1.b1.ab1_683	16S_DB:259	98.609	647	8	1	3	648	40	686	0.0	1144
1367SAA005_S1CbTm-FD1.b1.ab1_683	16S_DB:203	97.991	647	12	1	3	648	41	687	0.0	1122
1367SAA005_S1CbTm-FD1.b1.ab1_683	16S_DB:164	97.991	647	12	1	3	648	47	693	0.0	1122
1367SAA005_S1CbTm-FD1.b1.ab1_683	16S_DB:227	97.372	647	16	1	3	648	42	688	0.0	1109
1367SAA005_S1CbTm-FD1.b1.ab1_683	16S_DB:219	97.527	647	15	1	3	648	50	696	0.0	1107
1367SAA005_S1CbTm-FD1.b1.ab1_683	16S_DB:217	97.527	647	15	1	3	648	25	671	0.0	1105
1367SAA005_S1CbTm-FD1.b1.ab1_683	16S_DB:207	97.531	648	13	3	3	648	50	696	0.0	1105
1367SAA005_S1-FD1.b1.ab1_542	16S_DB:169	99.815	542	1	0	1	542	50	591	0.0	996
1367SAA005_S1-FD1.b1.ab1_542	16S_DB:184	99.631	542	2	0	1	542	41	582	0.0	990
1367SAA005_S1-FD1.b1.ab1_542	16S_DB:269	99.446	542	3	0	1	542	48	589	0.0	985
1367SAA005_S1-FD1.b1.ab1_542	16S_DB:259	99.077	542	5	0	1	542	41	582	0.0	974
1367SAA005_S1-FD1.b1.ab1_542	16S_DB:164	98.524	542	8	0	1	542	48	589	0.0	957
1367SAA005_S1-FD1.b1.ab1_542	16S_DB:219	98.339	542	9	0	1	542	51	592	0.0	953
1367SAA005_S1-FD1.b1.ab1_542	16S_DB:186	98.339	542	9	0	1	542	50	591	0.0	952
1367SAA005_S1-FD1.b1.ab1_542	16S_DB:217	98.155	542	10	0	1	542	26	567	0.0	946
1367SAA005_S1-FD1.b1.ab1_542	16S_DB:227	97.786	542	12	0	1	542	43	584	0.0	944
1367SAA005_S1-FD1.b1.ab1_542	16S_DB:255	97.970	542	11	0	1	542	50	591	0.0	941
1367SAA005_S2CbTm-FD1.b1.ab1_84	16S_DB:269	97.647	85	1	1	1	84	47	131	1.15e-36	145
1367SAA005_S2CbTm-FD1.b1.ab1_84	16S_DB:259	97.647	85	1	1	1	84	40	124	1.15e-36	145
1367SAA005_S2CbTm-FD1.b1.ab1_84	16S_DB:203	97.647	85	1	1	1	84	41	125	1.15e-36	145
1367SAA005_S2CbTm-FD1.b1.ab1_84	16S_DB:184	97.647	85	1	1	1	84	40	124	1.15e-36	145
1367SAA005_S2CbTm-FD1.b1.ab1_84	16S_DB:169	97.647	85	1	1	1	84	49	133	1.15e-36	145
1367SAA005_S2CbTm-FD1.b1.ab1_84	16S_DB:277	95.294	85	3	1	1	84	52	136	2.49e-33	134
1367SAA005_S2CbTm-FD1.b1.ab1_84	16S_DB:207	95.294	85	3	1	1	84	50	134	2.49e-33	134
1367SAA005_S2CbTm-FD1.b1.ab1_84	16S_DB:200	95.294	85	3	1	1	84	29	113	2.49e-33	134
1367SAA005_S2CbTm-FD1.b1.ab1_84	16S_DB:176	95.294	85	3	1	1	84	29	113	2.49e-33	134
1367SAA005_S2CbTm-FD1.b1.ab1_84	16S_DB:253	94.118	85	4	1	1	84	50	134	1.16e-31	128
1367SAA005_S4CbTm-FD1.b1.ab1_172	16S_DB:269	100.000	172	0	0	1	172	52	223	1.49e-88	318
1367SAA005_S4CbTm-FD1.b1.ab1_172	16S_DB:259	100.000	172	0	0	1	172	45	216	1.49e-88	318
1367SAA005_S4CbTm-FD1.b1.ab1_172	16S_DB:203	100.000	172	0	0	1	172	46	217	1.49e-88	318
1367SAA005_S4CbTm-FD1.b1.ab1_172	16S_DB:184	100.000	172	0	0	1	172	45	216	1.49e-88	318
1367SAA005_S4CbTm-FD1.b1.ab1_172	16S_DB:169	100.000	172	0	0	1	172	54	225	1.49e-88	318
1367SAA005_S4CbTm-FD1.b1.ab1_172	16S_DB:251	98.256	172	3	0	1	172	48	219	1.50e-83	302
1367SAA005_S4CbTm-FD1.b1.ab1_172	16S_DB:243	98.256	172	3	0	1	172	51	222	1.50e-83	302
1367SAA005_S4CbTm-FD1.b1.ab1_172	16S_DB:227	98.256	172	3	0	1	172	47	218	1.50e-83	302
1367SAA005_S4CbTm-FD1.b1.ab1_172	16S_DB:218	98.256	172	3	0	1	172	30	201	1.50e-83	302
1367SAA005_S4CbTm-FD1.b1.ab1_172	16S_DB:216	98.256	172	3	0	1	172	30	201	1.50e-83	302
1367SAA005_S6Sm-FD1.b1.ab1_347	16S_DB:184	99.143	350	0	3	1	347	40	389	0.0	627
1367SAA005_S6Sm-FD1.b1.ab1_347	16S_DB:169	99.143	350	0	3	1	347	49	398	0.0	627
1367SAA005_S6Sm-FD1.b1.ab1_347	16S_DB:269	98.857	350	1	3	1	347	47	396	2.17e-179	621
1367SAA005_S6Sm-FD1.b1.ab1_347	16S_DB:203	98.571	350	2	3	1	347	41	390	1.01e-177	616
1367SAA005_S6Sm-FD1.b1.ab1_347	16S_DB:259	98.286	350	3	3	1	347	40	389	4.70e-176	610
1367SAA005_S6Sm-FD1.b1.ab1_347	16S_DB:277	98.000	350	4	3	1	347	52	401	2.18e-174	604
1367SAA005_S6Sm-FD1.b1.ab1_347	16S_DB:243	98.000	350	4	3	1	347	46	395	2.18e-174	604
1367SAA005_S6Sm-FD1.b1.ab1_347	16S_DB:227	98.000	350	4	3	1	347	42	391	2.18e-174	604
1367SAA005_S6Sm-FD1.b1.ab1_347	16S_DB:218	98.000	350	4	3	1	347	25	374	2.18e-174	604
1367SAA005_S6Sm-FD1.b1.ab1_347	16S_DB:176	98.000	350	4	3	1	347	29	378	2.18e-174	604
1367SAA005_S7CbTm-FD1.b1.ab1_961	16S_DB:76	98.954	956	9	1	1	955	37	992	0.0	1709
1367SAA005_S7CbTm-FD1.b1.ab1_961	16S_DB:80	98.640	956	12	1	1	955	51	1006	0.0	1692
1367SAA005_S7CbTm-FD1.b1.ab1_961	16S_DB:81	98.536	956	13	1	1	955	51	1006	0.0	1687
1367SAA005_S7CbTm-FD1.b1.ab1_961	16S_DB:83	98.117	956	17	1	1	955	45	1000	0.0	1668
1367SAA005_S7CbTm-FD1.b1.ab1_961	16S_DB:79	98.117	956	17	1	1	955	51	1006	0.0	1664
1367SAA005_S7CbTm-FD1.b1.ab1_961	16S_DB:84	97.787	949	20	1	1	948	52	1000	0.0	1635
1367SAA005_S7CbTm-FD1.b1.ab1_961	16S_DB:88	96.653	956	29	3	1	955	26	979	0.0	1594
1367SAA005_S7CbTm-FD1.b1.ab1_961	16S_DB:82	95.921	956	38	1	1	955	38	993	0.0	1552
1367SAA005_S7CbTm-FD1.b1.ab1_961	16S_DB:77	95.899	951	38	1	1	950	50	1000	0.0	1539
1367SAA005_S7CbTm-FD1.b1.ab1_961	16S_DB:78	95.890	949	38	1	1	948	51	999	0.0	1537
1367SAA005_S9b-FD1.b1.ab1_142	16S_DB:3	97.887	142	3	0	1	142	40	181	1.60e-67	248
1367SAA005_S9b-FD1.b1.ab1_142	16S_DB:2	95.775	142	6	0	1	142	27	168	5.81e-62	230
1367SAA005_S9b-FD1.b1.ab1_142	16S_DB:73	85.315	143	19	2	1	142	14	155	6.02e-37	147
1367SAA005_S9b-FD1.b1.ab1_142	16S_DB:27	89.286	112	12	0	1	112	40	151	2.80e-35	141
1367SAA005_S9b-FD1.b1.ab1_142	16S_DB:11	84.722	144	19	3	1	142	31	173	2.80e-35	141
1367SAA005_S9b-FD1.b1.ab1_142	16S_DB:23	84.028	144	20	3	1	142	31	173	1.30e-33	135
1367SAA005_S9-FD1.b1.ab1_1091	16S_DB:3	99.451	1092	4	2	1	1090	39	1130	0.0	1984
1367SAA005_S9-FD1.b1.ab1_1091	16S_DB:2	98.994	1093	7	4	1	1090	26	1117	0.0	1954
1367SAA005_S9-FD1.b1.ab1_1091	16S_DB:4	96.435	1094	32	7	1	1090	39	1129	0.0	1801
1367SAA005_S9-FD1.b1.ab1_1091	16S_DB:5	95.620	1096	36	10	1	1090	30	1119	0.0	1748
1367SAA005_S9-FD1.b1.ab1_1091	16S_DB:7	95.505	1090	39	8	6	1090	1	1085	0.0	1733
1367SAA005_S9-FD1.b1.ab1_1091	16S_DB:8	95.351	1097	37	12	1	1090	39	1128	0.0	1731
1367SAA005_S9-FD1.b1.ab1_1091	16S_DB:9	95.264	1098	37	13	1	1090	59	1149	0.0	1725
1367SAA005_S9-FD1.b1.ab1_1091	16S_DB:6	95.531	1074	35	11	25	1090	1	1069	0.0	1705
1367SAA005_S9-FD1.b1.ab1_1091	16S_DB:11	91.963	1095	82	6	1	1090	30	1123	0.0	1530
1367SAA005_S9-FD1.b1.ab1_1091	16S_DB:23	91.689	1095	85	6	1	1090	30	1123	0.0	1513
1367SAA005_Tm203-FD1.b1.ab1_491	16S_DB:128	97.942	486	9	1	3	487	52	537	0.0	841
1367SAA005_Tm203-FD1.b1.ab1_491	16S_DB:99	97.737	486	9	2	3	487	52	536	0.0	835
1367SAA005_Tm203-FD1.b1.ab1_491	16S_DB:121	97.531	486	11	1	3	487	52	537	0.0	830
1367SAA005_Tm203-FD1.b1.ab1_491	16S_DB:120	97.526	485	11	1	3	487	53	536	0.0	828
1367SAA005_Tm203-FD1.b1.ab1_491	16S_DB:129	96.914	486	14	1	3	487	52	537	0.0	813
1367SAA005_Tm203-FD1.b1.ab1_491	16S_DB:127	96.708	486	15	1	3	487	52	537	0.0	808
1367SAA005_Tm203-FD1.b1.ab1_491	16S_DB:105	95.902	488	15	4	3	487	16	501	0.0	785
1367SAA005_Tm203-FD1.b1.ab1_491	16S_DB:126	95.473	486	21	1	3	487	52	537	0.0	774
1367SAA005_Tm203-FD1.b1.ab1_491	16S_DB:116	95.473	486	21	1	3	487	52	537	0.0	774
1367SAA005_Tm203-FD1.b1.ab1_491	16S_DB:125	95.287	488	18	4	3	487	52	537	0.0	769
1367SAA005_VNC15-FD1.b1.ab1_1062	16S_DB:434	99.052	1055	6	4	1	1052	20	1073	0.0	1890
1367SAA005_VNC15-FD1.b1.ab1_1062	16S_DB:420	99.229	1038	6	2	16	1052	1	1037	0.0	1871
1367SAA005_VNC15-FD1.b1.ab1_1062	16S_DB:410	98.578	1055	10	5	1	1052	19	1071	0.0	1860
1367SAA005_VNC15-FD1.b1.ab1_1062	16S_DB:431	98.667	1050	11	3	5	1052	1	1049	0.0	1858
1367SAA005_VNC15-FD1.b1.ab1_1062	16S_DB:432	98.483	1055	12	4	1	1052	14	1067	0.0	1857
1367SAA005_VNC15-FD1.b1.ab1_1062	16S_DB:415	98.295	1056	13	5	1	1052	49	1103	0.0	1845
1367SAA005_VNC15-FD1.b1.ab1_1062	16S_DB:417	98.113	1060	14	5	1	1055	29	1087	0.0	1842
1367SAA005_VNC15-FD1.b1.ab1_1062	16S_DB:424	97.822	1056	17	6	1	1052	52	1105	0.0	1818
1367SAA005_VNC15-FD1.b1.ab1_1062	16S_DB:409	97.822	1056	17	6	1	1052	50	1103	0.0	1818
1367SAA005_VNC15-FD1.b1.ab1_1062	16S_DB:413	97.729	1057	17	7	1	1052	32	1086	0.0	1812
1367SAA005_VNP1-FD1.b1.ab1_578	16S_DB:435	94.965	576	28	1	3	578	31	605	0.0	902
1367SAA005_VNP1-FD1.b1.ab1_578	16S_DB:432	94.637	578	26	5	3	578	18	592	0.0	891
1367SAA005_VNP1-FD1.b1.ab1_578	16S_DB:415	94.637	578	26	5	3	578	53	627	0.0	891
1367SAA005_VNP1-FD1.b1.ab1_578	16S_DB:431	94.627	577	26	5	4	578	1	574	0.0	889
1367SAA005_VNP1-FD1.b1.ab1_578	16S_DB:420	95.053	566	21	6	16	578	1	562	0.0	883
1367SAA005_VNP1-FD1.b1.ab1_578	16S_DB:449	94.281	577	30	3	3	578	33	607	0.0	880
1367SAA005_VNP1-FD1.b1.ab1_578	16S_DB:434	94.301	579	26	6	3	578	24	598	0.0	880
1367SAA005_VNP1-FD1.b1.ab1_578	16S_DB:417	94.138	580	27	6	3	578	33	609	0.0	876
1367SAA005_VNP1-FD1.b1.ab1_578	16S_DB:456	94.107	577	31	3	3	578	49	623	0.0	874
1367SAA005_VNP1-FD1.b1.ab1_578	16S_DB:450	94.107	577	31	3	3	578	33	607	0.0	874
1367SAA005_VRP15_bis-FD1.b1.ab1_1124	16S_DB:449	99.822	1125	1	1	1	1124	34	1158	0.0	2065
1367SAA005_VRP15_bis-FD1.b1.ab1_1124	16S_DB:456	99.200	1125	8	1	1	1124	50	1174	0.0	2026
1367SAA005_VRP15_bis-FD1.b1.ab1_1124	16S_DB:450	98.669	1127	10	5	1	1124	34	1158	0.0	1993
1367SAA005_VRP15_bis-FD1.b1.ab1_1124	16S_DB:454	98.401	1126	15	3	1	1124	23	1147	0.0	1977
1367SAA005_VRP15_bis-FD1.b1.ab1_1124	16S_DB:447	98.400	1125	17	1	1	1124	42	1166	0.0	1977
1367SAA005_VRP15_bis-FD1.b1.ab1_1124	16S_DB:455	97.956	1125	22	1	1	1124	23	1147	0.0	1949
1367SAA005_VRP15_bis-FD1.b1.ab1_1124	16S_DB:453	97.869	1126	21	3	1	1124	34	1158	0.0	1943
1367SAA005_VRP15_bis-FD1.b1.ab1_1124	16S_DB:448	97.869	1126	21	3	1	1124	34	1158	0.0	1943
1367SAA005_VRP15_bis-FD1.b1.ab1_1124	16S_DB:452	97.744	1108	19	6	20	1124	53	1157	0.0	1903
1367SAA005_VRP15_bis-FD1.b1.ab1_1124	16S_DB:445	96.980	1126	31	3	1	1124	34	1158	0.0	1888
1367SAA005_VRP15-FD1.b1.ab1_1112	16S_DB:449	99.012	1113	9	2	1	1112	30	1141	0.0	1993
1367SAA005_VRP15-FD1.b1.ab1_1112	16S_DB:456	98.383	1113	16	2	1	1112	46	1157	0.0	1954
1367SAA005_VRP15-FD1.b1.ab1_1112	16S_DB:450	97.848	1115	18	6	1	1112	30	1141	0.0	1921
1367SAA005_VRP15-FD1.b1.ab1_1112	16S_DB:454	97.576	1114	23	4	1	1112	19	1130	0.0	1905
1367SAA005_VRP15-FD1.b1.ab1_1112	16S_DB:447	97.574	1113	25	2	1	1112	38	1149	0.0	1905
1367SAA005_VRP15-FD1.b1.ab1_1112	16S_DB:455	97.125	1113	30	2	1	1112	19	1130	0.0	1877
1367SAA005_VRP15-FD1.b1.ab1_1112	16S_DB:453	97.038	1114	29	4	1	1112	30	1141	0.0	1871
1367SAA005_VRP15-FD1.b1.ab1_1112	16S_DB:448	97.038	1114	29	4	1	1112	30	1141	0.0	1871
1367SAA005_VRP15-FD1.b1.ab1_1112	16S_DB:452	96.978	1092	27	6	23	1112	53	1140	0.0	1829
1367SAA005_VRP15-FD1.b1.ab1_1112	16S_DB:445	96.140	1114	39	4	1	1112	30	1141	0.0	1816
